-476-

anteverto 711, 7, 3. 11111111111111111111111,11111.

11161111111161 711, 26, 1. 1111161111, 11111111 cognoscere 71, 9, 8.

11116111111117, 36, 2. - cognoscere de ..oon 1111. 1111111ΙΙ coo

111111171,27,.3 ,11111 etro. entfocibew' 711, 1, 1.

1111111 7Π, 6, 3. cogo: cogere copies 61111111111111111 IV,

1161117Π, 47, 6. 22, 3.

1116111 24,4.11110111171,40,4.

11111711, 3, 6. comitium 711, 67, 7.

1161111171271.11111111111117,26,2.

1111111111 711, 18, 3. 11111111711,66,7.

1111611171, 2,2 3111111111 V, 44, 11. 7Π, 24, 4.

1111117,26,6.1111111111111111111111.111,16,7.1,46,

1111111111111611111161111111,8,6. 3111111. 3. 711 47,7.-11111111111ο1111111
111,11,1.1ζ111.1’1,11,1.1,11,.111,1

Ι11161111 61111116111111111111, 39,”1. 7, III, 9, 31611111111,11111111111111-
64,3.11111. 11111111 17 3- 1. VII, 21, 3.

11111111, 43,.6- 6111111116111111111 11111161111111111.1ο11.111.1111117,
1, 43, 8. 46, 4. 71, 66, 6.

111,1111111111111 71, 27,2 -3116111 11111161111,474)ΙΙ,26,6 71,26,.1

Ῐ11111111111,11111171164,2.111111111171,19,1.
1111111111, 1111111111, 11’, 2. communio, 1111111111, 8, 2
11111111,26,2.11111111111,6111 11111.611.7,26,4.
1111611111,11116111111 ,11 1111111111 71, 11111111,111111111111111111131111191
42, 6. compendium 711, 43, 3.
1116111 poet] 47, 1 6111211661.1111111617,68,6.
11111111,1111611111,6,3. 1111116117, 7, 6.
1111111 7, 42, 3. concido 111, 9, 4.
1111171361. 1116111711 7,,1.
11111111 711, 48,6. 1111111111, 47, 6.
1111111,44,.-21111111111111176, 111111171121, 1.
3μ-1111111111111171,27,3.-11161111 2111 111', 16, 3.--11111111111-
ooneilium 1111111711,27,1. —cep 111 1111611116. 71, 16, 2.
11111ο111111111111711,31,2.11161111111111111111766,-,1111111111
1111166711. 6161111111, 17, 16,6. 11111111111111111711, 31, 6.
ce 11111111, 17, 6. 1111161117, 32, 3.
111116111711,697.1111111111, 1161111117322.71,29,4.
111111111111171118,1. 11161111611111111 111 17, 4, 6.- -111-

. 11111,11111111111111116111111171,67,.1 111111111111111111111Ι11,6,2.-111-

11116111 cesum 11111 71, 46, 3⁹. 1111111 111111 (vulneribus) 711, 67,6.
11111616171.7Ι,23,7-11111111111- -1111111.,.”,1111111111111111111 111,.1.

’ 61111711, 37, 4. 111111617Π,66,4.
111.111,1,1.111,1.’1.11111111, 111110, animum 1111111111 7,
cello, Vlhltqn. 1111111111. 1. oo. 111, 2, 6. 49, 4.-101611111111111 1111111111 11
111111 71, 46, 2. octo 7111) foi 71,2,2.--1111 1111111 con·
ο1111116111171.71,64, l. — per certos 6111111171, 6, 4.

exploratores 1116111111111111111111111 111611111111, ,11”1111111116111111 1,,,461

11111611111111711,16,2.-1111111111111 1111, 111111161111
11111111, orum 71, 16, 2. 116111611111116,4.--31111111.17,
cingere 11111111τί111 11111111 711, 72, 2. 27, 4
111111161711, 72, 4.1ο111111111711,66,6
11111111,11111117,16,3.11111111),11.11111111111111111111611,2111,
clamiwv, 29, 1. 64766166746711, 19¹0
11.111.11111711,1,11. 1111111111, 4, 4.
1111111, 4, 2. 1111160711,66,6.
1111111,61111111111,16,1.11116111116111111111116111111111·
coacervem, 4. 11111711, 6,6.-101111111111111111
ooogmento 711, 23, 3. . 711,9,4.- 1111111111 cepere 711,
cognatio Vl, 2²7 20 Ἠ, 1·

 

