[1,11-11 - 11 -

1111111111111111 111.. ,11 fit 3111111111111111111111111,111111

11111 1111 11111111 111 1111111 111111) 11
1111111 1111111111111111111111 ξίν 1111111111 1111111111

111111111111111 111111111111111 111111111111111111111111
111111 1111111111 vittati 1111. 1111111111

1111111111 potestatem dicendi 3111111 1111111111 111111 &reditu 111111
1111111111,11111,1. (condicere 11111 Ι31111111111111111, 2) 111 11111111
uben) . 1111111111 111 11111111111111111111,

³) 1111111111 11111 1111111111

” 1111111111111111111111111111 1111-8111111 1111111111 1111111111 iti

1111111111 1111111111111111

29.

11111111,111,1 1111111111 2)111 11111111111111
1111111111) 1111111111
tubum Graecis littoris 1111111111 1111111111111111111111111111
1111111111ίὶ11, iic· 11 11111.111111111111 111
1111111111 1111111 111111111111111
ratio, 11 1,1.1111111,1111111111 1) 1111111111, 2)111111111111111
1111111111111111 11111111 111111 iic 111111, 1111111111
= nimis 1111111 ad calculos vocare 1111- in 111 1111111111111111 1111111111
citiam, 11 par sit ratio acceptorum 1111111 1111111111111111,1111111111
11 datorum . . . . 11111 ,1111111111 1111111111 11111111 1111111111111
1111111111111” 1111111, 1111111111 111111
1111111 bei (111111111111111 11111 111 11111
- 1111111111 (bet 1111111111 uni 1111111111·
1111111 1111111111) 11111111111111
dextera digitis rationem computat 1111111111111 111111111111 11111111
' , . . 1111111111111111111111111111

Romani 111111 longis 1111111111 111111 111111116111111111111111111 111111111111111111

¹ 1111111111,
1111111111111111111111 1111111111 1111. 11111111111111111111111111111111

caesar id 11 maxime 11111111 11111, 1 11111111111111111111111111111111,
quod 111111 (i. 11, ii. 11111 1111111111, 111 . . . ,
ratio 1111111111 1111, 1111 1111111111 11 1111 11111 1111111111 1111111111 111111
11111111111 3111111111111111111111111
separatim, adv. (11111111) 1111111111
nominatim 11111111, nominare] 11111 1111111111
gradatim 11111111) 1111111111
paulatim (paulum) 11111111 1111111111 auf 1111111111
11111111

111 111, 1111111111, 111111111111111111111111111, nun 1111 111111 1111111111, 1111 111111
[am 1111 11111111 111111 1111 1111111, 11111111ῑ 111 (11111111 111 1111111 1111 11111 111111111-
1111 1111 1111111 11111111, 1111 111 1111111111 11111 11111111111111111111111111 11111111111 11111 ;
111 11111111 111 1111111111 11111 1111111111 1111111111111 1111111111 1111111111 11111111, 1111 bet
11111111111111111111, 1111 1111 1111111 1111111111 1111111111 11111 1111 1111111111 111
iet 11111111 1111111111, 111 111111111111111111, 11111 11111111 11111111111111 1111111
votem 1111 renuntiare 1111111 11111, 11111 1111 1111111 1111 111113111111111111111111111
, 1111111111, 11111111 111 111111 1111111111 111111, 11111111 111 1111111111 111 11111 itm 11111
1111111111 1111111111, 111 111111. 11111111 it 1111111 1111111 11111111 11111111111111111111
· 1111111 11111, 1111111111 11111. 11111111111111111 111 11111 1111111111 11111111 1111 11-
1111111111 redire.

 

