— 31 - [4, 44-44

praetorium, i, n. 1444 1441414444 1411411 11 44444444141144 4144141444
. 4441414141441414; 21444 1414444444-
· 1414, 4414414444444144
porta praetoria Mega {1⁹2² 1144444 1414444444444 444
1414144441141141443444 1444444414411 1444141141144
4411111111111144441444 4444414441 1111114114141144 14144 44 444 4411141144·

41.

4 144444414441444114 141441441414411444 . 44
mirum 14 44441444 conversae 4441 44 14444 414 444141441144 4114441444 ’
omnium 4444444 ...114414441414414- 1141444441 444 &immune 4144
4, 1411111131ῗὲἒᾶ 41441414 414 1411411144134444 111144
pacem 144444 cum alqo l, 44, 6 &neven 4441344444 1411144144
iniuriam 144444 l, 34, 4 4144 1414411441 14411144
sementes quem maximas faeere 1, 4,4 14 4141 1444 411 44414441) 4441411444
4 4444444 belli 444 1144444144. 44414 414414414141144444111414144
4 4114111144 4141 1144444444 14144 men 344444 1441444444 1414441444
’ emer c. Valerio Procillo summam (1114411441444444141141441441144414
0mnium rerum fidem habebat1,⁴9,8 1444 in 411444 &ingen 4444 1141114 1141ι
gratiane habere 4141 4441141141 441144 &mum 4411144
1411111314 exereitum 4144444 414 14444 444441 4144444444414 114444

42.

4 1444441444 414 4411441414 ι1441444144 1411444 in 444441 41444 un· 41
ette 1111
per me lieet 1444 fleri 44444414) 114 444 4414444114 tenu 4144 1414441444
1111111141444144444, 441 . ..3 111 1444114
1414 4144444411 .. .
4 44414441, -41444, 4 1441444444 4411441144, 4444444144
41144, adv. 1) emneeeeeutung: 4441 444 144414 444 44444444 44114 114; 114441
4444464144114; 2) 1444444144. 444 41444 14114 4441 4114444444 1114141414, 141144 444
1111111414, 144144 4414 aue 41444444 11441444 141111
4411141444441444141444114144·
14441414444641444144414144, im
1414414114 41444 1414144 1444414441, gu
4441144414 4444 444 44444444 154144 144 444·
1441411 44444444111
citro 4444 414144 &cite 4144
41444 citroque 1, 44, 4 1141441444 14141141

⁴⁸) 1444 14441444 1411 441 414144 144444444114 444 3141444414 4414441441, 444 14441414
444 144144144441114111414. 141 444144114114144 1444141441 ,44114414446414144ΨΙ
„uueufgefetbett” 414141 444 141441411414444 444444 44441441444114 4444141144. 11114
44411144 41414414, um 444, 444414 444141414114141 1114444 11414, gang 4441444114, 1441444414
14144 414 „aude 4411·1 „nuez ,1414444 411. 14 444 4441144 1111144 4144414144. 144414, un·
14444444411144. 4444441444 4444 4414 414444 1414444 ..4441 44141 u. 411. 14441414 44144, in·
4444 4444 iente 444444 1141411 „een [2le ,14141 u. 1. 44. 44414444 1441.

 

