[1‚ 44-44 - 26 -

malm 44ᾝὲ 4434434444444144 4144444444
. 44444144εὲ4144404ῦὲ44ἓὲ34414444444444444444444444444444444144444444444444
ln 4441444 Germanorum 444441... 44444 444 &rimabit 444 44444444

4444444444444444444 4 Labieno 4444- ῆι4441444Θ4444 444 4444444 ιιι 444444 444
444441, 22, 4. ,4444 44444444 44444 4444444444 4444
principatum 1444444ιί4 tenero 1, 44, 4 4414446444444444444444444444
οῗῶεὲἓῗέαὲωὶοὶ4444Β4444α4444 44- 44 44 44444444441444444 44444 44144444 44
44441, 20, 4444 &teste ‚inne 44444 344444 4444444
444444444144444441444444444· 44444 444444, 444 44444444 4444444444
44444 temperaturos 444444444- 4444 444 4441444 4444444, 44 4444444
4444414 14 provinciam 4414444 4444 444444 4444
.444 444 444 444444 44444 4444441444,
4444 44444444 4444444..
neque homines 44444444 animo tem· 444 44 414444 44, 444 444 4444444144
4444444444 ab miuria existimabat 1, 444444444444144 fid) 4444 4444414444
7, 5 444 44414 44444 4444444444, 4 44 ent· 1441444444 44444441444444144444444
oulnasstgequanos 4 ι4444444414 nostra 44 444 64444444 444 4444444 44444444
Rhodanus divi 444 4444444444444444444
444441444,44,ιιι θ141441,444ιὸ44,ὓ4444444444, 2) 44444444,
4 444 44444
4414444444.) 44 arrogantiam 4444 1444444444 444 4444444444 8444444
, sumere 4444444

34.

, 4 4444144144444 4444 44444444 444414- 4444444444 4444444444 34
toret 444 44144 4444444 4444144 ’
14444 44444144 utriusque 444 44444444 444 4444 ιιι 444 4114444 44444444 4444444

4 4144144443144 qm ιιιιιιι ιι 44 Qus 44444 44 444444 444 4444 444444
444 444444 444 44444444, mnu 44 44444 444.
tero 44414444 444444 444 444 4444444 4444 44444444
444414444444 444 4444444444 4444444444 444 4444444 4444 444 tinen 4444444144
4 mmmm, 4, n. (moliri) 444 44444444 44444444444444441
444 4444444444 gu 44444 444444 44444444
amentum (arguere) 4444444444444441 444 4444444 . Ι
documentum (docere) 4444444444444 444 444 44444, 444· 4444444444 44444444
1444ἓῖ44444 (fruor) 444 (4444444444 444 44144444 ·
momentum 4-- 4444444444444) 444 44 44 444 4444444444 4444 44444444, 44444
4444444444 44 4444444444 ιι 44444), 4) 444 444
4444444444 444444 4 4444, 44 4444444
444444 444444, 44444444 4444444 44444
444 4444444144 444 444
4444444444]444444444444444444444 4444444441

4444444444 (ornare) 6444444441 (54444444

4 quid 4444414 41 444 14 44441144 444 444 444 44 44 4444444 44 44444444
444444444444444444443444444Ι, 44, 44 menn 444 (44444 1444444444 flu 44444
444444 444 44144 mite

 

